MS 32 30 16
MS 52 30 13
MS 58 31 11
MS 48 30 27
MS 35 30 17
MS 56 30 11
MS 36 30 18
MS 42 22 30
MS 55 21 0
MS 47 30 14
MS 63 30 3
MS 51 30 20
MS 50 21 0
MS 39 30 17
MS 77 21 0
MS 60 31 29
MS 89 0 21
MS 34 30 21
MS 40 21 31
MS 61 30 14
MS 45 15 30
MS 14 21 3 21 9
MS 44 30 25
MS 25 15 21 18 21
WS 4 21 8 21 5
WS 7 21 13 21 10
MS 9 21 5 21 14
MS 76 21 12 21 16
MS 81 13 21 13 21
WS 5 19 21 8 21
WS 6 21 2 21 10
MS 17 14 21 19 21
MS 30 10 21 9 21
MS 22 21 12 21 16
MS 73 18 21 21 11 16 21
MS 94 21 13 21 13
MS 78 21 13 21 13
MS 13 21 15 21 15
MS 74 21 16 20 22 21 12
MS 86 21 14 18 21 21 14
MS 94 21 15 21 19
MS 8 21 8 21 13
MS 72 13 21 11 21
MS 12 20 22 22 24
MS 70 21 10 21 6
WS 11 20 22 17 21
MS 15 14 21 10 21
MS 10 15 21 6 21
WS 10 6 21 6 21
WS 2 21 12 21 6
MS 11 21 18 15 21 15 21
MS 68 16 21 9 21
WS 3 21 15 15 21 21 15
MS 79 21 15 21 11
WS 8 21 0
MD 17 19 21 23 21 12 21
MS 7 15 21 8 21
MS 75 21 9 21 18
MS 6 21 15 12 21 21 17
MS 5 10 21 11 21
MS 4 21 9 21 17
WS 1 21 8 21 5
MS 71 13 21 11 21
WS 9 21 8 21 4
WS 0 16 21 21 18 9 21
MS 69 19 21 19 21
MD 27 8 21 7 21
MS 3 19 21 10 21
MS 67 21 19 22 20
MS 2 21 14 21 10
MD 18 14 21 16 21
MD 31 21 10 21 12
WD 2 21 7 21 1
XD 14 10 21 12 21
MS 66 13 21 19 21
XD 15 21 6 21 7
MS 0 21 17 21 17
MS 1 21 23 14 21
XD 8 21 7 21 7
MS 64 11 21 10 21
XD 10 11 21 14 21
MS 65 21 17 10 21 5 21
XD 13 18 21 19 21
XD 11 21 9 21 9
MD 28 21 11 21 19
XD 7 13 21 21 16 7 15
XD 23 19 21 21 16 21 8
MD 23 13 21 11 21
MD 24 21 6 21 7
MD 39 21 13 21 16
MD 7 17 21 19 21
XD 21 15 21 21 14 17 21
MD 8 21 10 21 11
MD 38 1 0 1 0
MD 20 21 16 16 21 17 21
WD 0 21 16 20 22 21 18
MD 6 21 14 10 21 21 18
MD 19 21 17 21 17
WD 5 18 21 21 17 13 21
MD 35 21 17 4 21 19 21
MD 37 21 13 21 13
MD 5 16 21 11 21
WD 3 1 0 1 0
WD 1 1 0 1 0
MD 9 15 21 15 21
MD 3 18 21 18 21
MD 41 15 21 16 21
WD 4 21 14 21 4
XD 19 21 12 21 18
MD 36 9 21 7 21
XD 18 14 21 12 21
XD 6 21 13 21 13
XD 5 12 21 18 21
MD 4 21 16 21 19
MD 34 21 14 15 21 21 17
XD 2 24 26 15 21
XD 3 21 17 21 18
XD 17 15 21 18 21
MD 33 21 12 21 16
MD 32 21 18 21 13
XD 0 21 12 21 14
MD 2 16 21 21 18 21 9
XD 16 9 21 6 21
MD 1 21 16 21 19
XD 1 21 18 21 17
MD 0 22 24 10 21
